3563791897943632
57112098979556
4262449329606250
7834766039671705
6174787491290592
7433587953287626
98725158659633
9431214430425010
28989780192586
1759168011465155
4332287364530076
5320344794828939
2359832879961843
576923445935450
6625669212478128
5798569642173325
9785485067282171
7832929659543864
8396343730537374
237177027997904
1523709342230310
5306188948676963
6149787126418879
725176967675831
7516167039254633
1602452658469147
9760718467217965
6633595032959256
9579759992933488
3046719736187161
7393517529760020
7882939611024230
6331026460486036
2329187167642341
8885880950544256
4790700983115551
3555050642342029
1518519178726150
2459408294193132
1762144677289973
6970876926323465
5552301617863919
9701766247428458
7702387341969063
5699347555033786
5572694132853621
5876836218508403
1890408084331971
7667694089080752
737910743732112